function [chMap,xMap,yMap] = array_layout()

chMap = [
    1   3   5   7   2   4   6   8
    10  12  14  16  9   11  13  15
    26  28  30  32  25  27  29  31
    17  19  21  23  18  20  22  24
    ];

xMap = [
    1   2   3   4   5   6   7   8 
    1   2   3   4   5   6   7   8 
    1   2   3   4   5   6   7   8 
    1   2   3   4   5   6   7   8 
    ];

yMap = [
    1   1   1   1   1   1   1   1
    2   2   2   2   2   2   2   2
    3   3   3   3   3   3   3   3
    4   4   4   4   4   4   4   4
    ];